0.3724152293031111 0.2844946071320858 0.32276131769072713
0.123172949798629 0.6475031955076189 0.39129300059654004
0.5180966427976432 0.1398817303135188 0.023657370583946444
0.032850794402879566 0.3839276738140717 0.42037018625306555
0.24592481639702565 0.14375188499044939 0.2966606184132034
0.3384790566513569 0.21625292622326905 0.012236880261151984
0.021883334734396614 0.2442085912478996 0.3358168456286869
0.5030454020924243 0.20475233020724123 0.2218321236826407
0.4688085103130995 0.013358909362478279 0.13878069695764567
0.11758729261079226 0.07818832670295423 0.22320540862994628
0.7717094755183298 0.051507633313705496 0.06433187512427918
0.1324115610647062 0.1705460368524609 0.3364195996553324
0.2384630081083353 0.15693425153312557 0.2588445350301584
0.5744423131300008 0.4787839836849589 0.3142647643666733
0.38528730713090265 0.0069529219147194425 0.09193552396102606
1.0 0.6738104812649902 0.5382634884337509
0.8660558030767349 0.011538224015855462 0.2677884934049181
0.5001566643485438 0.7597660457567968 0.5127427586664015
0.41684944173996774 0.3745278547731549 0.21551252734141974
0.4587055703728612 0.1685414841517184 0.07302582521376019
0.2981907178284029 0.004010828821324449 0.09602928017498509
0.03841715512827371 0.5035330106708412 0.5409002783853649
0.4651249875814846 0.38307314481035204 0.24279595015576325
0.8904381252244886 0.015947665484209166 0.012505820408298535
0.15429527790727 0.5183005644199975 0.3008798965997216
0.5158880575913429 0.11524472561719974 0.32565287996288195
0.5818131796749024 0.018019072512889745 0.23311045933585206
0.23398775725432355 0.28090773959126225 0.3708200768873865
0.03571072119095474 0.12976992345143545 0.039786115529926426
0.2303290715535754 0.04608281032328484 0.17670801020746338
0.5702200178826622 0.25342421979347685 0.10083142771922847
0.3720480233544512 0.20752883137773054 0.3557802246967588
0.020772699135671327 0.06927860517887663 0.1891953751574203
0.03301999189930686 0.7110507116287754 0.7087869523430768
0.0335326282163955 0.29793835901707627 0.08183121230198183
0.06463741756016293 0.23341352022864037 0.3178667892887917
0.07262003928071958 0.21199177067026673 0.023237721216941735
0.8572023568431751 0.19415258010311795 0.17284789885331742
0.8750468082504795 0.6318380272587572 0.4995132398753894
0.455790085057278 0.0782335664737394 0.12806990289653344
0.004990370874187065 0.27828491002312256 0.35610335056671305
0.5761503366372953 0.09413103735512503 0.0015685689666600385
0.18915691653993413 0.49715635726493274 0.23720338702193944
0.9841616164703906 0.00362966580016947 0.29015667462053424
0.21046441426639054 0.28492007640494627 0.0650986776695168
0.12718852452752324 0.28374491950193165 0.3616192748724067
0.22960230181959906 0.13058639360036767 0.021547110094783585
0.369586864649645 0.04479311781010786 0.21983744283157683
0.32997714993160265 0.32881270734894946 0.18231424405116986
0.7660466324807226 0.4333862327478493 0.5656919036256379
0.6015910984081374 0.3810660787890104 0.5165829853516273
0.47475411339441964 0.019107483950652746 0.2146674289123086
0.05445499912115122 0.15724231282942452 0.002426364585404653
0.07282523136649523 0.4063464935587184 0.4194712335122953
0.027419241438866513 0.2359189418202186 0.04842641843971631
0.32396506002919306 0.6038216834939465 0.28866946709087293
0.9981926283692388 0.05759740912550806 0.30488582885928284
0.05741710163313031 0.03258602737365179 0.15672661065818252
0.38772133615583904 0.4359821338809979 0.4171057864386558
0.04702528791850397 0.26235907452354623 0.05501383641545701
0.4782236555524138 0.18899919573740828 0.19027515410618415
0.21893766287360625 0.011669670683192348 0.09314123914628487
0.28458155334612123 0.2037936779215557 0.01973775021541725
0.2932053525712059 0.4616000517025952 0.23026860873599786
0.10470145888898229 0.009312068247425642 0.12081407006031682
0.014804819148204473 0.3100259949159115 0.0636466825744018
0.5259795342865659 0.3172442516767439 0.17914408928216344
0.09378462855265068 0.5403316147007713 0.5876313216676609
0.3861432294253857 0.16628811271165753 0.046228541128123544
0.10197206025081582 0.25836935759525487 0.35101618943461255
0.2669529930532735 0.11498764882448406 0.09351324816066812
0.18625595133470385 0.20771481710206954 0.369811344203619
0.042416299205979224 0.7435048614801305 0.7151997580698615
0.262919841348689 1.0 1.0
0.5817978953482151 0.4044507317353402 0.11697135779147609
0.27406058707098807 0.24622212009363917 0.12185780804666269
0.14538910074663935 0.21245817116431373 0.005879026645456352
0.38511153737399983 0.009878427092159876 0.06520182938954067
0.14375176725027322 0.1662902669864568 0.03182831245443096
0.6796252283096299 0.12086343333955679 0.11888484291111553
0.25587988047656535 0.033689985494549685 0.14047110094783588
0.18302484467303004 0.4131719542144796 0.13800705905746669
0.10534683958334927 0.2913793103448276 0.3769283986213296
0.07089443879773487 0.058105817978141294 0.11725761417114071
0.9168112309232498 0.20114140659782564 0.18446779512162786
0.1828292052914339 0.13666396185497423 0.22875654537018625
0.005798415015322538 0.14837100920593432 0.043792047789487636
0.716185337745409 0.06272889169742493 0.09763538145423212
0.013278640917670973 0.05929605480475089 0.1582734721946046
0.16832552558978398 0.22254376768300566 0.052836879432624106
0.5393686044645518 0.05468985623806173 0.08230140186915888
0.7808609661222898 0.287179910669405 0.19481693676675282
0.7502579230128466 0.2341894182021859 0.15840914363359182
0.2434563976370431 0.08967527897858651 0.029461208325048054
0.07255737354130207 0.14996409542001177 0.2519035427851793
0.5232207133195265 0.0941116488819314 0.13751532776562603
0.6373334963661513 0.4820477100058884 0.21464050175647906
0.02857397232008437 0.22339291099972713 0.01277130145158083
0.11186560491543947 0.1701701158999842 0.2887461059190031
0.08825437704905505 0.09163136049634492 0.20878488102339765
